positive/08SCI-FIRES5-articleLarge.jpg 4 418 99 86 116 327 177 56 53 245 238 86 45 100 281 94 71
positive/1024px-Yanar_Dagh.jpg 6 34 502 55 63 240 471 359 115 693 488 70 72 957 422 19 48 882 456 38 54 831 480 26 38
positive/11CLI-INDONESIAFIRES1-superJumbo.jpg 2 1225 446 384 263 1582 762 283 29
positive/1200x0 (1).jpg 2 464 99 216 299 464 99 216 299
positive/1200x0.jpg 6 754 311 162 211 932 477 86 53 680 335 73 168 595 324 60 101 590 441 67 34 456 420 68 69
positive/13858flames.png 2 130 22 97 181 216 14 100 194
positive/17-Biggest-Pros-and-Cons-of-Controlled-Forest-Fires.png 7 2 278 141 159 16 185 82 90 196 253 288 186 513 325 260 116 794 335 34 101 881 314 88 132 1025 311 45 144
positive/1_I8LiLQJnnPL38551gMkEpg.jpeg 11 2162 811 86 149 2308 769 145 243 2294 410 55 349 2139 610 105 127 2116 478 109 120 2169 733 77 84 2344 677 67 110 411 555 214 446 422 378 137 180 479 238 89 137 222 631 179 368
positive/1_U5ele3eRUNBg4reXYnU8vA.jpeg 17 396 435 273 159 695 481 159 118 883 434 117 121 449 241 76 96 556 311 41 125 622 323 50 115 696 377 153 102 501 323 40 115 1021 297 147 141 1124 431 65 107 246 544 69 52 131 469 97 149 61 440 68 106 913 352 62 83 698 297 82 79 470 121 64 117 544 222 54 84
positive/1_VO9nuzrJ9XseMyxdtPh_vg.jpeg 26 0 512 139 109 218 510 46 132 273 593 104 55 362 618 109 97 468 571 91 112 323 473 177 144 560 616 104 120 653 594 74 85 727 615 227 55 695 410 155 85 761 447 208 135 1101 384 84 73 704 233 43 195 1115 459 79 122 677 550 58 33 1135 118 46 53 679 3 5 336 631 1 2 236 578 4 9 48 565 234 14 44 397 395 5 79 932 382 30 69 751 667 107 52 425 429 69 51 21 280 27 37 641 257 8 94
positive/1_ZUTbrnrkT1OE0lblpKQ6Vw.jpeg 5 1532 241 233 533 1411 639 226 369 2169 532 277 476 2608 785 72 222 1644 605 536 400
positive/1_l60V2tWod9d5WPnc4z3TvQ.jpeg 4 183 453 149 163 43 474 64 43 635 421 603 501 455 677 182 248
positive/2af13929-6943-484e-b6fc-8f552ee29631-Salt_Fire.jpg 5 45 181 54 29 112 187 41 25 192 199 38 17 267 203 29 20 197 245 29 16
positive/38861264-9221853-image-a-28_1612407323112.jpg 9 480 78 44 127 520 127 60 82 355 285 94 42 246 228 115 113 287 167 40 62 118 109 68 201 184 123 37 70 187 191 64 45 2 72 116 177
positive/43143994355_707c4ca725_k.jpg 12 11 393 70 117 83 246 69 186 182 633 90 79 199 355 137 171 247 168 108 183 359 249 89 149 448 302 76 111 250 65 101 101 279 528 89 52 427 586 41 33 217 30 50 37 147 7 75 75
positive/4aac5cd3-72d5-47cc-ad9f-b9ae31c8d216.png 5 457 596 382 372 330 327 370 267 326 145 193 186 446 9 127 140 839 924 324 93
positive/5062.jpg 4 217 659 213 53 460 514 168 149 821 454 197 203 1070 551 128 126
positive/539334e0cdf94e328ff0286e767947ac_18.jpeg 10 51 251 65 38 209 238 39 25 305 211 15 13 525 420 88 35 500 371 31 41 521 260 66 116 510 193 38 67 539 145 36 65 574 189 45 27 523 109 32 35
positive/7-forestfire.jpg 9 1138 193 141 298 1055 434 87 74 839 295 109 169 601 266 184 138 467 390 72 68 552 373 91 83 363 380 107 118 290 447 66 51 207 422 59 72
positive/89734_SYR201010wildfireskillthreepeopleneighbouringlebanonRTR_1602355411540.jfif 16 782 422 68 45 367 431 133 63 512 439 71 31 600 440 39 16 250 394 84 48 399 88 31 36 419 122 24 27 433 145 37 40 460 208 21 44 476 220 41 38 492 259 25 28 386 282 55 45 457 305 54 49 355 321 57 52 335 365 50 62 207 429 38 68
positive/90df79_7238411a20064fd78682cf25bf70f97b_mv2_d_3072_2304_s_2.jpg 38 1103 502 98 192 1160 368 118 159 1013 457 102 143 984 348 76 129 707 552 66 146 744 460 50 101 876 559 59 247 862 466 65 59 702 694 27 149 846 921 21 93 760 793 17 220 600 798 25 214 657 805 29 206 699 843 38 172 528 813 34 203 271 879 20 138 216 950 25 67 123 935 11 80 165 914 31 49 159 960 8 56 236 873 12 75 254 944 14 72 1031 916 14 99 779 673 28 59 335 948 21 68 665 591 32 64 1188 753 12 77 1105 927 6 40 945 765 14 92 827 802 37 89 821 947 23 60 1328 322 47 58 1277 318 38 48 807 413 27 35 1022 647 23 140 897 807 16 127 877 801 15 106 762 692 14 105
positive/9a514733a0c56317a3287f51503e26e7--firefighting-volcano.jpg 10 162 6 72 150 112 84 52 91 65 126 47 87 28 181 37 57 71 213 38 50 114 174 43 41 172 157 35 58 30 239 24 80 3 226 20 52 146 27 18 42
positive/9bdacc39b0f84b356b9b85a2e54c87b7.jpg 7 92 93 44 155 132 90 37 39 131 126 25 18 134 143 16 25 57 102 41 32 68 131 31 34 3 86 58 34
positive/AP_20237059171381.jpg 19 58 140 32 37 78 163 36 46 104 197 53 66 326 310 94 113 409 280 72 128 482 265 111 127 481 177 25 95 596 276 94 92 622 365 97 37 640 397 60 47 715 410 20 32 741 449 32 45 684 455 47 30 695 221 30 18 625 230 21 38 488 136 20 19 501 254 37 15 721 244 12 17 689 269 26 26
positive/Clear-Creek-Fire-07-21-20_CSKT-fire.jpg 7 359 177 33 68 273 233 11 17 57 368 7 10 68 360 13 13 114 367 12 10 371 241 82 99 213 277 13 10
positive/Controlled-Burn-2.jpg 1 869 349 34 75
positive/Fire_Wall.jpg 19 1090 439 45 46 1141 449 36 28 968 468 71 42 1062 455 29 47 944 405 25 43 814 494 53 41 660 509 26 33 328 280 126 167 195 369 132 35 567 394 16 24 574 425 25 31 608 531 16 13 452 285 114 83 451 367 51 62 332 179 121 103 1 238 90 73 69 228 113 134 202 243 74 63 1022 331 18 19
positive/Kfar-HaOranim-fire-10092020-Flash90-resize-2160x1199-1.jpg 12 852 318 122 130 204 837 56 69 249 810 66 61 311 749 102 131 451 686 86 175 532 659 91 164 530 548 70 113 570 509 73 108 620 604 130 191 797 554 163 209 747 675 55 55 407 839 51 34
positive/LIFT-WEA-Lightning-ContCurrent-Overview-650x365.jpg 17 1 202 23 29 326 289 41 35 387 277 28 26 246 271 10 39 366 263 6 14 401 246 8 10 411 255 7 7 441 208 10 8 466 226 8 8 172 182 9 21 93 263 6 8 0 230 13 42 417 228 12 7 437 228 6 7 441 253 6 8 447 234 6 9 318 271 21 20
positive/Large-structure-fire-with-piles-of-fires-outside-burns-in-Fresno1.jpg 12 133 91 52 42 220 130 29 38 243 150 38 31 277 165 21 24 296 172 28 24 323 170 41 28 453 257 54 37 486 275 59 45 561 249 28 28 525 303 66 45 604 327 22 21 255 136 14 12
positive/Scott-Miller_Fire.jpg 11 766 92 215 83 636 187 219 166 566 195 75 188 316 195 174 127 226 132 99 92 320 132 66 69 404 85 74 112 486 188 79 88 569 97 168 97 606 0 155 105 500 108 74 85
positive/What-is-a-one-alarm-fire.jpg 6 152 72 32 255 180 68 49 166 227 15 32 170 191 37 37 35 257 2 38 142 293 3 18 70
positive/Wildfires 5 Wikimedia Incendio_forestal_en_Pirque_Santiago_de_Chile_(31697902143)_(2).jpg 27 316 808 105 51 621 901 53 41 655 792 74 99 1080 724 222 35 1318 726 55 25 1387 704 69 44 1510 635 13 13 487 794 15 17 431 832 17 12 486 838 15 16 278 726 35 25 302 758 12 9 326 772 7 8 254 847 32 12 749 910 8 11 784 770 6 8 775 839 12 17 1015 676 9 9 826 675 9 8 450 728 10 11 435 755 9 8 336 680 11 9 549 614 9 11 621 793 9 9 630 818 6 9 618 826 7 7 1115 540 11 12
positive/__opt__aboutcom__coeus__resources__content_migration__mnn__images__2016__05__Ground-fire-grant-Village-yellowstone-park-6ac57be43c244a76992c22a36d7.jpg 23 807 418 128 275 834 692 70 75 1591 866 179 149 1679 751 68 121 1801 909 146 104 1276 829 23 182 708 697 23 59 1376 234 64 70 1423 194 45 77 1461 151 58 32 1416 675 27 47 1639 648 26 18 1651 673 34 38 1897 831 36 81 984 951 19 29 1400 480 39 98 1359 339 27 125 1474 869 23 96 1358 515 12 43 1345 670 17 99 814 788 20 47 905 916 15 38 1489 974 15 35
positive/a2b122b93929c770efa01309f7d62b6f.jpg 0
positive/a5-02042020-fire-jpg.jpg 16 278 383 36 23 323 372 40 28 285 311 58 17 493 261 29 35 479 347 18 16 496 340 26 14 383 366 51 40 400 269 36 39 312 402 24 17 369 290 16 18 369 355 14 20 336 297 9 14 345 282 8 10 483 370 13 20 505 352 14 21 448 350 16 14
positive/amazonfires.jpg 30 663 581 80 60 6 414 92 62 92 203 37 70 94 273 53 118 91 387 105 139 141 322 38 69 194 391 66 104 797 333 60 129 854 286 46 161 895 355 79 99 923 238 58 119 1120 333 109 77 1227 214 68 176 541 298 63 130 360 456 129 85 470 357 76 110 521 464 45 37 739 376 41 76 982 391 32 38 1031 383 34 48 313 402 86 53 460 301 60 57 285 523 28 19 136 191 22 21 66 291 28 42 939 153 33 38 951 129 25 27 935 190 40 51 1205 301 22 31 1074 375 26 47
positive/b3d6b2ff-a012-4654-955e-74b328ec928a-medium16x9_FirealongEastBurnside1.jpg 3 393 150 88 113 333 121 36 38 350 162 22 20
positive/campfire-678x356.jpg 15 316 204 100 83 443 177 33 30 493 234 19 47 413 213 23 44 443 206 27 42 438 286 28 49 522 227 27 44 546 267 20 33 561 290 24 34 485 279 48 32 363 283 35 29 477 307 13 26 503 309 13 22 474 191 25 21 331 287 28 17
positive/central-oregon-prescribed-fire-9.jpg 22 3 257 55 40 162 238 107 35 265 246 39 31 976 227 121 91 0 476 111 104 343 282 75 34 428 230 118 42 416 352 168 142 578 305 178 148 745 252 98 110 841 306 146 74 749 358 70 71 257 446 152 94 352 402 50 52 112 520 85 66 203 556 38 49 126 588 43 50 0 612 50 59 924 410 78 41 1009 364 103 22 978 314 60 33 841 394 61 35
positive/csancsa201560122-fig-0001-m.jpg 15 1056 247 157 266 1210 311 48 180 1213 142 173 170 1385 128 183 131 1012 287 51 110 729 320 65 55 1118 831 76 140 477 558 381 224 715 397 176 167 533 500 108 63 810 778 72 127 296 741 150 134 2 736 44 110 74 833 44 30 443 785 88 66
positive/data-original.jpg 0
positive/dataset-card (1).jpg 0
positive/dataset-card (2).jpg 32 47 738 52 77 1 814 106 42 126 780 17 76 154 776 14 83 532 797 50 89 600 750 21 129 635 754 20 116 684 812 23 65 661 838 13 53 724 822 26 47 820 922 77 93 751 945 55 70 694 962 45 52 459 960 38 56 170 958 150 58 904 758 31 121 949 780 11 91 981 790 100 99 1101 793 73 106 801 764 37 94 397 801 17 45 172 803 23 61 205 807 18 58 323 717 12 144 426 779 17 66 450 752 25 72 775 746 19 58 1182 759 14 56 1055 916 59 31 910 984 106 29 378 987 50 30 558 974 34 42
positive/dataset-card.jpg 12 768 671 140 46 830 716 40 38 763 766 28 24 789 715 24 58 896 713 22 27 656 807 16 19 616 794 18 15 645 680 60 58 979 763 16 13 1149 786 12 16 927 741 12 17 938 749 34 24
positive/download (1).jfif 7 202 117 19 16 170 106 39 24 139 98 50 30 0 71 33 67 29 87 51 53 76 109 61 35 57 33 20 32
positive/download (2).jfif 7 12 51 61 61 71 83 39 39 106 99 36 34 139 113 32 32 169 123 24 29 195 142 23 19 215 147 18 22
positive/download (3).jfif 1 60 60 147 139
positive/download (4).jfif 14 128 497 66 90 206 570 29 15 268 557 27 28 296 543 37 36 339 544 49 45 426 537 55 55 312 500 34 38 395 157 84 71 424 224 81 78 351 332 123 66 455 363 39 78 534 437 27 81 489 398 50 70 563 464 70 56
positive/download.jfif 3 10 106 90 71 96 94 91 82 139 21 49 73
positive/e499b564-gp1su5ab_medium_res-1024x683.jpg 4 118 200 115 64 227 152 168 106 391 426 100 103 484 365 117 123
positive/f7b58ab4-7c90-42c4-8be6-299117b71c31_1920x1080.jpg 12 1122 377 87 211 389 350 48 33 249 355 38 47 472 344 44 38 758 285 66 77 863 314 82 63 954 345 51 42 1212 243 130 374 1328 488 199 123 1749 354 95 102 1880 395 38 102 1522 547 122 71
positive/firefighter-5799151__340.jpg 3 127 178 45 53 195 156 68 75 363 171 122 74
positive/flat-4_wide_color.jpg 17 444 286 51 33 488 306 31 35 162 66 39 56 190 117 85 92 268 167 46 101 214 204 54 28 307 230 35 51 1352 222 85 151 946 330 76 109 1020 328 47 67 966 269 42 70 1019 244 24 91 954 189 33 82 1134 371 43 60 1065 341 68 30 1138 223 66 150 1197 263 152 95
positive/forest-fire.jpg 17 794 286 24 30 840 159 16 22 929 241 32 49 963 286 24 24 1002 309 31 20 1117 353 17 18 620 97 14 20 588 112 28 38 454 203 33 45 509 190 15 13 543 167 19 14 316 239 15 20 208 327 32 55 181 377 24 52 201 415 46 29 325 344 16 19 392 276 28 16
positive/forestfire_AdobeStock_105543135.jpeg 12 83 639 117 89 200 574 169 149 291 498 70 77 363 510 167 213 746 570 198 153 819 151 295 351 575 9 118 165 707 15 115 134 510 167 318 267 422 247 65 176 488 430 275 285 236 273 86 84
positive/fourmile-canyon-credit_patrickcullis.jpg 20 1233 594 23 19 1252 650 19 9 1176 664 15 9 1160 612 34 22 606 548 35 23 898 665 17 11 964 664 17 13 893 641 18 11 1076 691 12 15 1155 692 16 10 1108 681 14 11 1134 675 21 8 1181 680 15 7 1225 651 17 14 995 711 14 8 1018 712 27 10 1048 695 24 18 797 633 35 34 981 570 116 75 698 505 125 65
positive/ghows-NC-200809926-483a2388.jpg 1 1456 395 67 110
positive/gp0sturqo_web_size.jpg 2 354 252 74 54 282 279 44 31
positive/image.jpg 24 558 205 91 126 492 282 74 53 535 330 105 58 530 393 50 133 489 430 42 60 505 493 56 64 421 521 56 38 435 475 16 49 912 269 79 88 977 111 42 77 1106 3 96 105 1106 92 110 132 1018 149 66 91 1092 374 53 52 378 327 15 56 397 383 21 40 391 416 22 33 383 441 23 34 382 469 20 30 367 381 21 35 360 413 20 30 352 443 20 28 743 360 27 50 690 414 53 20
positive/images (1).jfif 6 103 50 31 39 202 141 62 8 148 99 15 46 118 96 21 40 165 125 21 20 211 103 8 13
positive/images (10).jfif 1 65 73 92 68
positive/images (11).jfif 8 58 45 73 67 109 114 21 30 38 126 32 21 176 117 11 10 232 119 14 23 145 90 25 24 166 69 92 43 257 56 11 42
positive/images (12).jfif 8 57 68 18 25 74 85 17 7 92 98 18 17 109 73 15 19 187 82 21 24 215 79 23 26 155 97 10 13 135 103 15 6
positive/images (13).jfif 11 140 2 28 30 202 19 44 56 150 50 45 59 192 77 46 42 227 111 28 34 201 116 24 24 238 141 18 27 71 128 6 12 83 135 11 18 96 55 7 10 66 87 17 17
positive/images (14).jfif 3 89 134 22 23 109 144 98 13 126 20 23 77
positive/images (15).jfif 4 5 2 227 104 8 105 41 43 93 103 66 26 58 100 40 23
positive/images (16).jfif 4 77 22 38 45 107 45 27 35 129 29 18 36 120 78 13 23
positive/images (17).jfif 3 38 81 32 33 74 23 123 90 196 2 90 118
positive/images (18).jfif 4 35 86 18 33 67 88 11 17 176 70 34 30 127 82 17 10
positive/images (19).jfif 7 114 31 38 30 161 55 45 24 138 60 26 25 129 99 21 33 68 109 41 17 98 82 23 26 3 150 118 16
positive/images (2).jfif 11 67 118 31 22 72 98 10 22 84 73 12 26 95 77 27 54 103 44 16 34 136 92 43 47 202 54 12 51 200 108 13 14 213 92 17 24 197 129 45 10 123 86 15 53
positive/images (3).jfif 1 114 60 69 67
positive/images (4).jfif 7 28 33 22 9 67 47 13 13 78 55 19 12 95 63 21 14 121 68 88 13 197 64 70 23 263 69 17 13
positive/images (5).jfif 2 111 50 73 76 111 50 73 76
positive/images (6).jfif 5 1 103 70 57 69 134 62 26 123 112 36 44 157 100 69 54 222 119 35 28
positive/images (7).jfif 4 47 104 51 28 74 79 20 28 157 3 87 60 242 1 29 46
positive/images (8).jfif 6 28 99 15 14 64 104 40 22 99 109 18 19 120 123 17 15 2 2 100 100 117 3 140 122
positive/images (9).jfif 1 66 29 99 99
positive/images.jfif 1 0 21 196 133
positive/keras_fire_detection_wildfire.jpg 12 183 107 62 50 351 176 180 50 454 129 20 25 565 215 30 27 245 182 68 68 309 219 58 33 277 242 101 81 250 303 39 63 355 360 103 46 460 329 31 36 497 374 50 30 332 339 36 41
positive/max-whittaker-norcalfires_022_02.jpg 8 253 177 65 100 389 137 60 85 449 169 33 54 317 171 42 26 365 106 32 67 451 76 42 53 400 93 49 42 177 199 16 18
positive/merlin_167212737_d2ddf048-c887-48eb-9dbb-40e388e1faa6-articleLarge.jpg 9 3 206 73 109 80 257 152 93 145 149 88 116 265 73 79 139 250 225 76 101 354 271 96 53 403 153 45 118 464 248 132 71 226 328 62 52
positive/pexels-photo-4275993.jpeg 9 253 192 84 129 432 335 53 59 387 406 63 63 280 319 98 158 98 450 23 24 149 418 68 62 28 480 35 56 371 439 47 142 229 487 23 75
positive/phpltQkk7.png 70 154 234 25 21 222 278 15 14 237 269 10 13 305 257 17 7 384 275 12 13 496 471 14 18 519 466 22 15 564 413 15 13 576 421 11 16 655 420 78 38 702 463 76 22 611 442 21 36 675 191 19 11 526 217 8 29 1029 412 95 17 999 380 73 33 1025 365 62 14 1028 329 88 35 759 364 15 20 765 408 14 21 1011 300 13 13 1052 311 13 16 972 396 15 16 280 436 15 13 335 477 25 14 732 352 14 11 721 337 10 10 717 366 19 10 661 393 17 24 914 402 22 19 967 349 21 11 701 229 27 17 731 228 26 15 1061 252 30 6 1045 244 14 6 1018 237 21 10 1101 252 20 5 1086 273 16 10 1068 320 16 9 1084 311 31 16 1108 363 31 19 783 443 26 16 647 244 32 24 1160 396 23 26 1179 292 17 20 1180 335 15 17 1186 318 8 12 1142 311 31 9 202 277 20 22 56 229 24 15 105 258 38 18 127 241 19 14 412 228 19 11 357 250 20 13 353 234 12 9 312 240 17 12 183 224 39 11 616 414 30 21 739 422 29 20 723 212 28 16 695 214 21 17 876 327 28 20 1111 208 14 12 1074 392 40 21 405 248 35 15 444 224 29 23 132 297 19 13 86 279 13 14 101 275 24 10 789 250 19 22
positive/rawImage.jpg 3 455 596 279 335 739 835 544 180 757 34 440 808
positive/screen_shot_2020-07-13_at_8.15.54_pm.png 4 279 217 242 62 525 262 97 20 652 278 25 9 124 2 394 218
positive/view-of-forest-against-sky-at-sunset-758722669-5b3ce69146e0fb0037be277b.jpg 0
positive/wildfire-3-rt-er-200914_1600129774742_hpMain_16x9_992.jpg 0
positive/wildfire-GettyImages-1175668844.jpg 8 489 240 198 135 102 10 112 269 250 115 241 213 205 8 118 133 57 53 51 40 445 324 51 62 205 291 31 65 487 181 45 63
