positive/1612665243.8220778.jpg 1 424 286 52 86
positive/1612665245.9219842.jpg 1 494 308 66 84
positive/1612665246.9557614.jpg 1 487 173 78 89
positive/1612665248.2223015.jpg 1 531 55 50 90
positive/1612665250.186015.jpg 1 302 56 48 90
positive/1612665251.0931237.jpg 1 273 169 40 78
positive/1612665252.2225144.jpg 1 203 334 36 79
positive/1612665253.7223928.jpg 1 140 359 48 52
positive/1612665255.2536912.jpg 1 216 320 33 42
positive/1612665257.353962.jpg 1 282 236 23 33
positive/1612665260.386903.jpg 1 131 45 33 55
positive/1612665261.6863341.jpg 1 240 35 44 68
positive/1612665262.4470918.jpg 1 181 265 40 67
positive/1612665263.91663.jpg 1 122 386 35 67
positive/1612665265.6465216.jpg 1 455 363 46 84
positive/1612665266.3883884.jpg 1 540 125 47 91
positive/1612665267.1842558.jpg 1 324 177 40 76
positive/1612665267.88107.jpg 1 361 38 45 77
positive/1612665268.650816.jpg 1 227 73 35 63
positive/1612665269.850358.jpg 1 553 9 46 64
positive/1612665270.751096.jpg 1 269 122 44 69
positive/1612665271.649939.jpg 1 347 243 39 77
positive/1612665272.9502873.jpg 1 507 277 43 81
positive/1612665273.8851337.jpg 1 515 79 44 80
positive/1612665275.317454.jpg 1 187 81 30 68
positive/1612665276.2227564.jpg 1 246 10 42 75
positive/1612665277.5201213.jpg 1 532 25 56 75
positive/1612665278.9138823.jpg 1 169 248 36 44
positive/1612665279.948792.jpg 1 143 389 29 55
positive/1612665303.7775598.jpg 1 366 320 39 85
positive/1612665304.7125478.jpg 1 505 335 35 80
positive/1612665305.4800224.jpg 1 435 209 34 70
positive/1612665306.442379.jpg 1 565 204 39 79
positive/1612665307.3103948.jpg 1 536 76 34 69
positive/1612665308.0455527.jpg 1 408 44 35 66
positive/1612665308.6430285.jpg 1 249 73 38 70
positive/1612665309.549391.jpg 1 114 85 35 65
positive/1612665310.271285.jpg 1 161 19 34 60
positive/1612665311.1761677.jpg 1 62 37 33 55
positive/1612665311.9425468.jpg 1 3 169 40 60
positive/1612665312.676231.jpg 1 83 204 39 71
positive/1612665313.4706006.jpg 1 45 341 39 80
positive/1612665314.3095317.jpg 1 36 375 36 64
positive/1612665315.1034431.jpg 1 232 367 49 63
positive/1612665315.8769448.jpg 1 287 215 27 69
positive/1612665316.6429362.jpg 1 163 197 31 57
positive/1612665317.8399634.jpg 1 504 198 42 49
positive/1612665318.5748887.jpg 1 502 65 36 63
positive/1612665319.1868896.jpg 1 296 52 39 62
positive/1612665320.4741275.jpg 1 302 13 30 62
